1143.7000000000553 p1 1524.7516153919564 1684.9421131533359
1147.400000000052 p1 1526.2965730564786 1683.8542536929567
1150.0000000000496 p1 1527.3822189828995 1683.0898119099875
1153.6000000000463 p1 1528.885421034867 1682.0313540566453
1156.8000000000434 p1 1530.221600636616 1681.0905026314524
1159.0000000000414 p3 1510.0517192303496 1617.4126039933867
1162.5000000000382 p3 1513.026304563048 1621.545754189973
1165.1000000000358 p3 1515.235996524481 1624.6160943360085
1168.7000000000326 p3 1518.2955700095422 1628.8673345382115
1172.4000000000292 p3 1521.4401316469662 1633.2366647460312
1175.6000000000263 p3 1524.1597525225761 1637.0155449257672
1206.2999999999984 p3 1550.2625745170105 1673.2609056174322
1566.4999999996708 p4 1368.244793372824 804.5875555972937
1570.3999999996672 p4 1369.7118049734054 806.5595409840395
1573.999999999664 p4 1371.0659695277882 808.3798351871895
1577.5999999996607 p4 1372.420134082171 810.2001293903395
1581.3999999996572 p4 1373.8495300006862 812.1215510492201
1584.5999999996543 p4 1375.0532318268042 813.739590340909
1588.199999999651 p2 1417.5944890386388 870.9243716489144
1590.2999999996491 p2 1416.7897515669263 869.8426279641651
1593.8999999996458 p2 1415.410201615419 867.9882102188806
1597.4999999996426 p2 1414.0306516639118 866.133792473596
1633.7999999996096 p2 1400.1201896528808 847.4350802086436
1636.9999999996066 p2 1398.8939230293188 845.7867088795018
1640.5999999996034 p2 1397.5143730778116 843.9322911342173
1644.1999999996 p2 1396.1348231263044 842.0778733889327
1647.7999999995968 p2 1394.7552731747971 840.2234556436482
1649.899999999595 p2 1393.9505357030846 839.1417119588989
1662.0999999995838 p4 1404.2053854281007 852.9264794364997
1665.6999999995805 p4 1405.5595499824835 854.7467736396497
1669.2999999995773 p4 1406.9137145368663 856.5670678427997
1672.899999999574 p4 1408.2678790912491 858.3873620459498
1676.6999999995705 p4 1409.6972750097643 860.3087837048304
1679.8999999995676 p4 1410.9009768358824 861.9268229965193
1694.799999999554 p2 1376.7444821412307 816.0130017468779
1698.5999999995506 p2 1375.2882905257509 814.055560793522
1701.7999999995477 p2 1374.062023902189 812.4071894643802
1703.9999999995457 p4 1419.966356213834 874.1126814120513
1720.5999999995306 p4 1426.2105594368213 882.5062602376876
